period: [2015-May-11 03:03:55 EDT/2015-May-11 15:03:54.999999 HKT]
duration: 00:00:00
period: [2015-May-11 07:00:59 EDT/2015-May-11 07:00:58.999999 HKT]
duration: -12:00:00
