cbrt(8.0) = 2.000000
cbrtf(3.375) = 1.500000
