New: 0.819952 ms
Old: 1.32026 ms
New: 0.928018 ms
Old: 1.36655 ms
