expected: 1.105171 2.718282 780.550842 640497.125000
result  : 1.105168 2.718286 780.549194 640498.250000
