2.4/0.4 = 6.000000
floor(2.4/0.4) = 5.000000
floor(6.0) = 6.000000
