avgY: 0
avgX: 0.0414286
Numerator: -3.75714e-05
Denominator: 0.00348571
2Der: -0.0107787
