sqrt(2) = 1.414214
sin(0.5f) = 0.479426
sqrt(1 + 0.5i) = 1.029086+0.242934i
