mag_u^2: 3e+10
d: 3e+10
rad_d: 1.49012e-08
rad_c: 1.32551e-08
