r = 7 [7]
r' = 2 [2]
w = 0.5 [0.5]
w' = -0.5 [-0.5]
z = 49 [49]
z' = 28 [28]
zz = 3.84726 [3.84726]
zz' = 1 [1]
z2 = 40.1155 [40.1155]
dz2/dx = 2 [2]
dz2/dy = 33.1155 [33.1155]
