cbrt(729) = 9.000000
cbrt(-0.125) = -0.500000
cbrt(-0) = -0.000000
cbrt(+inf) = inf
